42.94681
46.33393
50.71023
50.03725
50.32167
48.54202
46.26529
44.6862
43.84374
41.03163
40.67477
43.29785
42.93196
44.45234
44.50803
45.03652
43.93694
44.38455
46.8606
45.98793
48.48466
49.34964
49.93024
50.45207
50.36452
51.95794
52.77787
52.57446
52.9088
49.00224
48.27708
48.98343
45.75101
46.99699
47.00455
46.96938
46.46638
46.56146
46.39614
46.29611
47.13069
44.36941
45.08206
45.89463
45.1044
45.77684
45.97988
47.13598
48.60865
48.54119
47.7114
46.50651
48.01927
45.51374
45.96972
47.19562
49.89821
47.66335
48.06424
51.30684
48.67371
49.32499
47.98385
48.8902
49.75677
48.80511
51.19929
53.376
51.28536
52.31097
53.34643
53.52155
53.52287
55.06936
55.05884
54.74336
57.44008
54.70661
52.65087
52.04419
51.294
54.13164
56.30868
54.04061
52.38319
49.08699
46.82503
48.96941
48.49465
48.66491
47.63653
49.13393
48.20891
51.18767
53.21467
54.95108
56.70743
57.06494
59.88528
59.36244
57.29925
55.18646
55.25784
57.2752
56.822
55.37503
55.0926
54.5648
55.22415
53.80775
52.69135
53.3543
53.95667
50.88099
51.29365
48.0702
46.27951
44.8114
46.59683
46.44641
44.10592
46.08167
45.86217
46.53026
48.24776
50.2947
52.33235
49.86809
48.22541
48.66748
49.26875
49.87841
51.19381
52.70567
56.46793
60.85468
58.50218
61.47307
58.62813
55.87809
55.48353
60.05013
63.31088
62.71095
62.97994
62.60562
65.60759
63.5864
60.53005
59.79909
54.82512
55.45378
58.43752
58.16648
61.67937
60.28606
60.27089
58.84922
57.64726
56.78636
59.35818
58.83106
60.7113
59.97971
61.77549
61.46465
63.56382
61.49161
64.37553
62.86349
65.71836
61.98828
62.20335
58.57509
58.10871
56.35067
56.97871
56.26941
56.04165
52.88804
51.84229
52.93829
51.80685
52.7709
56.0961
55.36022
55.88824
54.39887
58.79973
57.38591
57.57268
56.16433
55.55588
54.84172
56.96315
56.96858
56.36703
54.42551
53.00743
50.09207
51.08339
50.10677
50.31788
51.05182
49.42344
54.56362
53.1926
53.72247
53.23448
53.96638
52.11082
53.38687
55.35905
55.96814
52.25371
52.43415
53.25686
54.81845
52.0126
54.31803
57.00408
58.03204
59.27457
63.57076
61.44199
59.6212
59.85847
58.28576
57.88375
53.50434
55.92743
58.15047
57.96148
54.73802
57.31844
60.55725
58.02963
60.51449
60.07069
59.78357
57.88095
57.90885
57.55012
57.02485
57.94877
59.31704
61.27179
58.83561
57.20652
54.81115
53.89642
54.24496
53.49111
54.70762
54.57275
52.95214
54.02798
51.21613
53.23913
51.18329
50.70745
50.91144
51.53615
52.62895
51.303
50.36632
49.61251
51.80336
51.59632
49.58732
52.4551
52.75332
56.34098
58.46065
58.91985
57.7087
57.28536
56.92046
55.61172
56.93974
54.87019
54.77948
54.15142
53.17559
53.3771
53.05111
52.08741
50.7156
49.94151
50.98934
51.18496
52.27573
52.05112
52.24155
51.42235
51.98186
52.20593
53.03869
52.46567
50.86371
