2.321165
2.725071
1.347236
2.485686
1.685702
0.06131936
2.765975
2.069952
0.804779
2.821133
0.4230147
-0.8464156
1.166196
1.024175
1.837205
2.954809
0.8483155
4.450271
2.173251
0.2687381
1.593524
1.187941
3.114769
3.55177
4.341073
-0.2026096
1.28013
1.891516
1.401531
0.9899529
2.026683
-0.2871871
1.152298
1.771606
1.867169
2.643944
1.601226
1.504342
2.345785
2.247402
1.149402
0.05626993
1.170069
2.404761
3.118505
1.27717
2.88654
1.044266
2.438099
2.495668
0.1908695
2.791628
1.931122
1.623422
1.169396
0.7279646
2.981559
1.106414
0.2176378
2.10985
0.1255746
2.164922
2.253946
0.930116
1.10779
0.1511588
2.90965
2.658807
1.120632
2.631432
2.304689
-0.682378
2.055678
3.153355
3.289212
3.145159
2.776443
2.767441
1.991827
1.581804
3.854999
3.588276
0.731854
0.7948092
0.9249043
2.698325
2.068318
1.881954
2.797812
2.92806
1.670175
2.681445
1.573696
3.084933
1.738457
1.898733
1.263483
2.215236
1.151563
1.506193
0.09101779
1.923032
3.707602
2.153793
2.794586
2.36768
-0.695029
1.814129
1.549208
2.714766
0.8279107
1.339052
0.9077929
-0.5887108
2.996994
2.077303
-1.062244
1.442541
2.177469
2.414236
3.283622
3.020054
3.282757
0.730841
2.019649
0.3243325
-0.05219859
1.527644
1.087652
3.119091
1.8244
2.013545
0.5117295
1.114302
3.3086
3.639885
1.159373
0.8501852
2.061228
1.033846
1.931442
0.7626737
0.1704805
0.6766012
0.8637909
1.485984
3.138988
1.085492
2.644926
0.4872015
1.646311
0.7382625
2.231537
1.504347
3.956581
3.504201
2.070044
0.02935189
1.716649
0.9152492
1.65668
0.9961014
2.610051
-0.6836649
1.170931
0.9679837
3.955053
0.6917119
1.31424
3.793278
3.047404
3.071885
2.940875
0.5044264
1.723584
-1.209683
2.23795
3.059328
2.336142
-0.08336999
-0.04584232
3.853884
1.618025
0.2319959
1.496222
3.582129
0.1307061
2.723052
3.069072
2.797192
2.757305
1.306383
0.3478614
2.447132
0.1273914
3.103108
3.944957
-0.3888526
2.66789
3.964861
1.448253
2.107118
2.120633
0.3816571
2.064772
0.8068403
1.910365
1.449655
1.486247
2.909045
1.669079
1.51983
1.136554
0.5474326
1.030128
2.354289
1.465836
3.299064
1.682128
0.438878
1.809997
1.417603
2.234334
2.773909
1.001931
0.3411939
1.979708
2.529815
2.04254
1.831841
1.27493
1.249577
2.418541
1.09597
3.985414
2.793731
1.272697
2.113171
3.063907
1.402753
2.331262
4.520618
2.554059
3.203189
1.036033
1.471707
3.51181
3.64057
3.153466
3.843376
2.970908
2.685551
1.992401
3.693154
2.578754
3.548521
-0.2927527
2.748471
1.480516
0.8756063
1.334014
1.876415
0.3588641
0.6635248
2.395808
1.873082
1.787716
1.55105
3.433083
1.10494
1.787327
1.340187
4.501574
2.385578
0.7855627
2.028256
0.5294584
1.354789
0.2536027
1.022658
1.923692
1.467433
1.632149
0.814922
2.129411
1.313643
2.431601
0.8615833
1.639284
-0.5568587
3.075341
2.607533
2.254268
1.410126
0.7205657
0.7303846
1.186128
0.2569175
2.15246
0.3066519
