367.9657
371.8608
305.9803
296.3842
348.9401
274.4202
261.2769
326.4143
383.0231
362.8198
348.022
347.8216
279.4093
341.3722
342.6483
325.3228
374.0727
394.9623
387.5813
320.0047
355.3396
303.5336
378.0637
329.0447
359.7462
345.9924
391.3352
364.2842
372.755
374.9164
413.6743
379.1849
358.1303
394.5906
410.1765
356.4135
319.1899
292.1427
301.7543
345.6095
375.3527
362.2636
328.8622
325.4462
395.6677
340.4829
357.9835
319.7139
327.0867
365.0618
415.6005
352.9539
358.6103
333.8769
294.906
337.6248
375.8508
336.3234
363.7764
308.498
363.6144
366.2701
446.5007
365.5944
388.6262
335.0013
335.9886
321.4417
401.2833
318.2707
323.8163
360.1492
334.7614
289.5763
280.1483
302.7233
321.4906
327.8746
320.6923
403.1539
426.9744
357.9004
351.8406
383.0407
351.6232
348.0462
287.6031
286.112
318.5245
366.0724
315.1449
338.4976
311.557
337.7872
346.8829
410.0392
356.2818
347.2753
393.3165
390.2129
410.3693
406.7887
408.3449
454.2277
410.4611
353.3515
408.1899
394.3686
357.1106
352.9104
385.7202
422.6232
381.2256
303.1464
379.3567
376.7722
419.8185
419.6378
380.9091
439.8101
414.9
406.0441
472.6821
421.7499
407.7247
402.9441
385.1691
341.2641
394.9975
383.6809
366.935
355.3489
406.9012
402.9851
383.8985
381.4594
463.5836
396.376
436.245
394.2188
410.8145
419.4591
413.509
372.3508
414.333
425.625
391.6541
446.9586
515.5123
443.744
393.689
382.789
430.4376
351.1505
393.2488
359.7974
390.5882
387.1265
352.408
380.4841
398.6316
417.6874
421.9016
413.66
465.3895
397.9596
341.5979
358.4435
312.3452
418.0379
285.7118
289.1754
338.4851
330.8593
366.296
403.809
362.0463
466.0638
445.7153
363.1196
308.8691
355.0185
410.2821
388.4871
457.6471
305.2827
304.071
354.9405
385.5657
351.7459
364.988
346.2548
333.1266
381.0846
323.692
318.6045
373.7089
368.627
344.7672
388.8726
418.47
358.0583
406.0146
396.0896
392.6634
368.6119
402.5908
400.7193
418.5233
369.4196
375.8129
371.5708
406.7368
392.337
402.7557
395.9543
368.8956
380.5905
388.0025
379.5573
423.3919
417.4992
420.2655
442.9507
387.887
347.2534
407.155
363.9637
375.665
343.686
359.948
429.9646
375.2501
320.8468
317.6253
343.4285
370.0749
405.1969
420.4532
366.1997
408.0747
523.5943
453.0566
433.0225
459.6567
455.3923
414.1763
412.654
350.2813
349.7703
416.3225
383.6784
352.8885
399.3635
401.4074
478.286
424.5365
453.4715
495.1041
459.0943
454.0627
441.0972
387.1808
463.3855
371.6529
400.0961
391.4286
430.9583
401.0144
426.5903
383.423
463.3497
406.3105
408.796
408.1235
366.8584
402.4359
362.6769
486.8464
375.0906
403.1767
372.888
380.761
440.3399
507.458
423.5696
457.2145
376.7983
441.2817
421.7854
409.2309
408.5012
386.7174
375.2554
418.9475
323.2856
399.582
361.214
414.8332
368.6902
