39.52774
36.6968
33.6873
31.02439
29.79533
28.80163
23.97969
25.07448
24.14679
23.45637
22.13663
25.24455
22.63969
22.08637
20.22584
19.40869
20.194
19.43909
20.4719
20.74849
20.51398
19.13011
18.40782
18.51578
17.44457
18.26695
19.28199
18.60744
18.71373
19.2151
19.3048
19.30678
18.4599
18.93072
20.67432
21.41653
20.92069
19.75355
21.52573
20.81582
21.15012
20.02449
19.52038
18.89163
18.6136
19.56141
19.7349
20.65177
18.92543
18.93051
19.82009
20.65021
21.80363
21.01115
21.29604
21.36873
20.1479
20.3883
18.95615
18.84745
18.20294
18.14325
18.35199
18.35914
18.62692
18.00625
19.80572
18.87308
17.50444
17.96204
17.90409
17.88528
18.59944
20.43425
18.80463
20.093
20.56089
20.36726
20.10936
19.98429
18.2876
18.49137
18.42224
18.16286
18.08217
18.99793
19.69829
19.11474
18.59088
19.1252
18.49449
16.8166
15.80827
17.76349
17.43674
17.60157
18.08578
18.62383
18.64573
18.43507
18.47387
18.34042
17.32493
16.99589
17.29477
17.31998
18.11831
17.8027
18.98871
18.20817
18.32199
19.17535
18.18323
18.11086
17.33403
18.49827
18.33492
18.41221
18.55376
20.11315
19.897
21.54261
20.63303
20.313
20.55346
20.34949
20.44973
20.56606
20.4882
19.64694
18.84631
18.64074
17.11476
17.20867
17.48677
18.2663
18.47154
17.70049
16.93509
16.72814
16.36398
16.8923
17.80657
17.87451
17.47458
18.22459
17.52071
16.72801
18.04746
17.98461
18.37061
18.30117
17.2931
17.97272
17.2682
17.55497
18.47213
19.10308
19.55655
18.17455
17.7629
16.96809
17.85614
18.56442
20.02362
19.34066
21.11703
21.15004
21.55878
22.02495
21.14842
21.85923
22.19552
21.65118
20.26135
20.8738
20.23209
20.3939
20.83585
20.52918
20.06864
18.65588
19.30238
20.82264
22.3083
22.08894
22.9227
22.8346
22.17578
20.26654
19.85841
20.18146
19.91342
19.38706
19.89946
20.15791
20.48441
21.70742
22.69826
21.60632
21.09578
19.3388
18.46411
18.43194
18.54431
17.61738
17.34911
16.84108
17.96699
18.30582
18.39392
18.43124
18.23794
17.74277
17.32339
16.95849
16.53209
16.88893
17.55851
16.3071
16.51697
16.79596
18.10489
17.52568
17.71634
17.19523
18.51685
17.69329
17.47052
17.30929
17.53148
18.66292
19.0336
18.0486
17.8569
18.88782
19.71239
20.06664
19.14587
18.85608
19.09613
19.17735
19.83889
19.39936
18.85226
18.30496
18.75321
18.63444
20.43338
20.86236
21.03661
21.21395
22.05357
22.19032
20.4954
21.24804
19.67283
19.4314
19.00468
18.45788
17.91245
20.35308
20.62431
20.50916
19.55289
18.98346
18.91854
18.98318
20.14531
20.01986
19.59078
18.68998
19.00266
18.78291
19.88914
19.25995
17.87558
17.31482
18.96575
19.29868
18.52863
17.57001
16.72658
16.7774
17.17945
17.5358
18.47153
18.18577
17.80419
18.12741
17.6893
17.9389
18.18195
18.12895
17.58247
16.85714
17.22809
17.87717
17.31566
17.38332
