0.35021
0.9184885
1.633215
1.468026
0.7635274
1.056514
-0.219538
-0.1999136
3.738692
4.451437
2.725469
2.696204
1.649254
1.242953
1.464438
0.3979738
1.711413
0.2152511
1.623725
1.624046
1.658016
2.064281
1.513982
2.116513
2.299431
1.912848
-0.5751911
1.60954
1.58137
2.58746
2.955502
2.532697
0.5652601
1.275364
2.2248
3.304228
2.385681
0.2751417
-0.5403008
1.54399
2.841303
0.4256437
0.4610827
0.7498204
-0.9276539
0.5411816
1.258585
2.252639
2.915068
1.302411
1.278859
3.514992
0.7545109
2.218656
2.347549
2.256523
1.433248
1.970284
0.5012666
2.873039
-0.2026984
1.861555
0.1791118
0.6018785
-3.515851
0.206121
1.890258
2.460255
4.258285
4.092002
3.018709
1.553495
-0.04484488
3.178255
-0.1755437
2.373196
-0.04046403
2.484705
2.212434
1.624276
0.2639071
4.461166
1.342823
1.686112
0.8775592
-1.561511
0.850235
0.5733663
-0.7865096
2.915805
1.801243
2.524936
1.298582
2.43861
0.2239004
2.04945
0.6437383
2.397278
1.837571
-0.380555
2.296488
3.590382
-0.4598255
1.488205
1.194279
-0.8929447
1.066262
2.223191
1.842113
2.064231
-0.1097677
2.695426
3.979403
2.803778
0.2594186
4.116884
2.313131
0.5433984
0.5875263
1.852332
2.849979
2.864582
0.4629203
0.2810826
-0.6937699
1.469056
-0.5071117
1.776656
0.3735222
0.8890972
0.7559223
-1.332888
2.178882
2.245268
2.94755
2.952732
0.4304002
3.431634
1.885401
1.244631
-1.294702
-1.651572
-0.2654872
-0.9309068
0.5099129
2.066883
2.139406
0.3443361
-0.6760609
1.244802
4.418905
4.30208
0.07833458
2.797574
-0.143291
1.079507
1.681021
2.081119
1.623401
0.6871347
1.478038
2.819253
1.88951
1.059803
-0.799054
1.601083
-0.3517938
-0.05332412
2.041113
2.286757
2.269966
2.029189
2.844988
0.2413425
1.242348
-1.436026
-1.351512
-0.9683963
1.226156
2.051117
0.4969423
2.129478
1.709773
0.484517
-0.2040112
-0.2811731
-1.753404
1.269011
2.101632
2.049876
-0.2131993
3.7227
1.508221
0.666237
3.813424
2.121156
1.069377
3.180332
2.256114
2.182597
1.807502
0.9933472
-0.592733
0.2878262
-0.7988642
-1.431831
2.021284
1.037564
3.052839
0.2342499
2.141098
4.005225
4.126907
2.28217
0.04259064
0.1386013
2.488039
0.8027193
0.9539799
1.29373
2.799578
2.267991
2.552586
2.125845
1.860043
1.39226
-0.1057047
0.1459567
1.9988
1.338603
1.934161
1.956713
2.8936
0.5914427
-0.3935466
0.9926208
0.4847458
-0.5831881
0.5565929
1.476027
1.432619
1.589203
1.707635
3.393078
4.033552
2.975973
0.6712106
3.487805
2.143506
3.698888
3.277525
2.732888
3.051354
1.327827
3.527806
0.3028501
2.497909
2.182196
1.3723
-1.642533
-0.9260227
-3.606223
0.2070615
0.2884691
-0.7721615
2.287374
1.290808
2.452905
2.281715
2.449293
2.165484
1.278089
-0.4475081
2.531658
2.038992
1.511719
2.297777
2.799316
-0.2822479
1.517533
0.4730512
0.7148814
2.652715
1.149634
1.24108
1.289046
1.881131
0.2885737
1.358128
2.929313
3.972284
1.897902
2.81477
0.368616
0.808638
3.421064
0.7756514
3.877452
1.694264
-0.434621
