1450.767
1138.358
935.7569
763.9078
858.097
866.9119
843.9737
872.4086
723.9872
582.1532
647.1915
585.5938
596.3763
708.4823
617.6439
626.6702
676.5864
686.0672
628.3306
563.7033
568.9956
576.2423
561.8658
621.8037
659.2167
581.9485
578.7823
592.5895
538.7046
618.103
745.7115
640.0283
768.6658
643.1983
590.9504
536.9055
522.3966
493.0922
535.21
494.7204
460.0059
488.1228
549.3665
788.7192
760.6864
836.9992
670.5559
673.1199
628.9564
645.3691
741.0776
778.6399
656.4059
669.2199
664.5636
719.5995
825.2643
859.7242
760.8114
766.8321
746.8263
670.7731
698.3601
755.9469
837.1459
813.7633
796.7956
793.1319
807.6476
766.8366
877.6923
632.3573
658.1637
685.4873
568.2497
578.2536
676.2668
520.9088
622.1651
671.9381
711.8348
700.4561
739.69
744.1333
872.9249
798.3306
731.2534
695.8076
739.4078
869.526
794.4831
759.2317
770.926
779.7885
692.3843
653.1966
733.1484
674.0688
634.4845
568.5985
594.0773
747.073
611.294
679.5541
867.1749
669.215
821.8504
709.9565
691.5409
679.8415
802.9499
713.6479
707.0791
718.8892
735.4571
709.2129
710.8346
694.6005
743.77
620.1323
657.5016
659.0898
648.3945
664.5841
636.0184
754.6731
667.0662
648.5004
761.415
722.8006
594.5947
614.0658
703.7495
694.3104
645.3408
629.8455
541.6968
631.5712
612.1578
792.1215
723.9572
723.3417
823.197
714.2346
760.1909
596.4402
669.3363
741.9105
851.9535
740.2156
898.403
781.3137
757.7648
722.0726
688.0685
756.7119
636.0959
617.3375
664.2445
626.228
596.8231
666.5995
649.6571
628.0119
679.0053
777.8992
711.9307
630.8795
625.6157
692.8543
624.2454
692.9242
708.9192
672.6244
670.979
679.9199
743.8035
683.1786
614.1662
668.433
701.9284
627.0389
661.3698
712.1919
772.916
616.991
704.515
730.081
619.0416
692.7096
697.2997
691.4885
642.6695
695.1267
589.0526
609.0249
668.5579
661.0881
689.8119
759.6912
763.9718
649.3692
770.881
744.4288
803.4469
770.4339
744.9196
661.2143
692.91
624.4723
686.9522
592.7531
566.6794
562.1719
634.6753
611.8782
625.4407
566.4358
614.4075
680.7798
637.3638
654.9472
676.3866
740.0784
668.3364
736.6764
722.4828
636.8808
658.0815
754.4361
654.9882
584.1814
602.4541
697.463
655.7475
672.0157
653.7397
713.059
757.0434
735.7124
677.5249
736.608
691.3392
724.7299
701.1618
706.3264
614.1835
650.7243
644.6011
588.7499
634.256
607.6499
588.7091
780.3454
787.8812
720.3728
766.7659
693.2047
701.4841
816.0142
773.2498
815.2062
655.1524
615.0554
631.8331
650.6484
616.5557
573.9681
626.9661
709.9446
603.4203
589.2659
592.1915
690.8815
603.8227
659.5804
696.299
745.1128
606.3196
604.8945
697.8154
674.0062
662.8369
676.5131
647.0157
718.7294
663.3171
630.079
634.2693
698.1643
732.5115
643.0631
661.6017
734.5964
703.5051
706.7399
767.1045
726.4449
646.9301
697.5765
