51.5237
54.78806
56.34735
57.57889
57.66201
58.65176
57.08053
57.84843
58.26653
56.63443
57.55379
58.56209
60.32258
59.54033
59.59263
58.46732
59.62087
57.388
55.75914
57.18411
59.02951
59.33343
60.87538
62.4192
62.42433
63.64185
61.93269
62.53109
65.33442
67.74461
67.95019
68.80889
68.24919
68.58484
69.68008
68.97796
70.42857
68.55563
66.81428
66.00376
65.98664
66.13028
64.61992
65.39195
66.61361
65.99321
66.28581
67.67676
67.52305
67.58407
67.19872
68.12771
67.52909
67.12728
68.14544
67.69692
67.79293
69.24848
69.70339
72.28639
74.65014
74.12422
76.80521
73.81314
71.99036
71.14962
70.43137
71.79245
71.24287
73.02023
72.91792
73.45115
73.21695
73.52806
74.32488
76.66044
75.99692
77.79455
78.47428
78.83067
75.22083
76.88257
75.4816
75.33975
76.98756
76.13536
76.38643
77.79635
77.506
79.74212
80.2061
80.84536
82.19424
80.50812
78.16026
78.51516
79.45837
77.90055
78.79941
78.12652
79.8153
81.43779
80.98638
79.78925
78.3048
80.4924
80.11805
81.53613
82.95843
83.48514
82.71542
85.60298
82.28861
85.56486
83.65567
83.93818
86.05467
89.59077
89.27401
86.08388
86.55339
85.90927
86.03059
86.00473
87.84878
89.37983
90.9921
93.55725
93.43539
92.62284
93.31807
90.65195
87.94415
86.18602
87.69808
88.95565
89.21841
93.57169
96.26302
94.85405
97.17289
96.59715
97.01407
95.12272
93.00722
95.35259
93.06038
91.46803
92.57536
93.112
94.59274
93.58348
92.6663
90.95076
91.96947
91.33345
92.24262
94.08343
92.14494
94.96975
94.71093
95.75714
96.97587
96.64293
95.9061
97.47469
96.67329
95.46934
96.44247
94.64912
94.93247
93.79766
96.06084
95.42562
95.5238
93.91104
92.54553
94.17987
90.85028
91.95463
92.57723
90.49505
91.4171
91.80373
92.46172
97.17018
99.65783
96.61378
99.20456
101.0143
102.8644
107.8531
107.6536
105.687
107.8294
107.4428
107.1598
105.2346
106.0375
106.3378
107.0885
104.2433
108.0284
106.2967
108.0782
105.8162
106.9422
103.1651
105.0534
105.6162
104.9731
104.8832
104.2138
106.291
105.0067
103.4822
103.032
101.4766
99.86025
102.3786
105.9857
104.7735
103.1359
102.5644
106.2745
108.3593
107.8921
106.5906
104.7898
105.7669
104.8088
105.5606
105.5866
105.0921
110.028
108.3804
110.1372
111.6975
112.2908
112.7652
112.5565
112.8763
112.1116
108.8131
107.1759
109.2874
112.4916
110.6914
108.7758
111.6019
114.55
112.1161
116.4833
116.2014
117.2561
118.684
118.1484
118.9379
117.8553
119.4834
121.8174
119.4281
118.3325
120.7166
123.5886
124.2345
121.8898
121.9431
123.1383
126.2598
127.1179
126.867
125.6632
123.6576
127.2873
126.9571
127.551
126.3913
128.3086
129.0411
124.5174
125.5002
121.043
119.3956
119.2802
115.0367
117.5643
119.251
119.215
120.785
119.2313
118.309
122.4475
123.1614
125.4057
127.5848
130.134
131.3543
137.2464
139.011
