-1.452101
2.221986
-1.812392
1.275648
2.672235
0.3551231
-2.424117
-1.252535
2.033986
2.05636
1.872588
0.282572
1.492056
3.574834
1.192005
-0.6439722
1.728517
-0.3888116
0.0009502067
1.246148
0.5987758
1.469025
5.408078
2.386715
2.757979
2.409001
0.4113656
-0.6670963
1.033027
0.1228455
-0.3087817
1.796077
-0.2523604
-2.254137
0.6265417
-5.919048
2.182996
-0.9393541
-1.373044
1.940382
-1.878248
1.618425
0.9635393
-1.007979
-2.633167
0.2507323
-0.9732542
-2.23221
1.136281
1.376262
-0.02310415
2.921464
-1.343932
1.283355
0.2085432
1.79982
1.549445
-0.1023417
-0.9815141
-1.279673
1.447198
-1.154289
2.715515
1.052993
1.622497
-2.315652
2.387615
-0.7374114
-3.910358
-1.146377
1.723847
1.219945
0.2787949
-1.386406
1.612303
-3.458271
-0.9512711
3.205909
-0.5663224
1.300723
0.5092611
1.549439
1.681131
-1.74254
2.975717
1.076644
0.8332595
1.423489
2.692427
1.695786
1.917938
1.675849
1.709127
2.987236
-0.860122
-0.8483598
-2.307013
-2.48194
-0.3499265
-1.349977
2.77143
4.929046
0.3089326
2.846363
0.3493113
-1.010959
0.786113
-1.261653
2.599251
2.445931
2.524441
2.873113
4.182044
1.326371
2.511423
0.4472088
-1.726921
0.6568544
-0.633818
-1.016841
-0.009221936
-0.4603925
0.06710657
2.097975
0.3873593
-0.04281914
-1.723162
0.5303477
0.9735872
2.919989
-1.1718
0.03717887
0.6162173
2.002146
-0.8864848
3.452334
5.366911
-0.54355
0.566963
-0.2243429
-0.09811835
-1.423826
0.2270993
1.752441
-0.5968625
1.080404
2.426323
2.748689
-1.796617
-1.609495
0.9908503
0.3372902
0.185286
4.077627
4.362336
-2.560649
0.2043605
-2.191187
-0.5411878
2.166084
-0.2598892
2.087884
0.2072338
0.5075709
3.357919
-0.5640293
1.450664
-1.204058
1.239475
1.756418
0.348959
-0.1896262
1.207692
0.8866294
-0.8077202
0.8873588
-0.8861705
-2.661287
-0.4419584
0.3153867
-2.604313
0.5805161
-0.06037925
2.64111
-1.764457
3.275665
0.6003458
1.194361
-2.239155
-0.4390841
0.2914374
2.60068
0.5255089
4.957283
-1.332193
0.420852
0.8856184
1.094433
0.1589896
0.5174637
0.2446765
1.635033
5.566366
2.406874
-2.460052
1.54315
2.385584
-0.4698123
0.7214801
4.460142
-0.1683358
-1.070366
0.8211447
1.657783
1.905174
-2.344877
2.152445
-0.08133701
2.633589
1.619841
2.522689
2.124218
2.623294
1.732012
0.7836448
-1.36486
-0.0651254
1.012838
-2.944703
0.2234122
2.230182
-2.638995
-1.22898
3.806684
0.6521977
3.56952
3.258245
0.5005463
-1.245951
0.2822172
3.529378
-1.482593
1.516661
2.556535
2.905092
0.1487352
-0.5956956
1.695326
1.927644
-0.3589684
-0.8375772
2.257278
2.379071
0.2737901
-1.404181
1.874978
0.252322
1.305134
1.672319
-0.283703
-2.035601
1.563865
2.169401
-0.5935071
-0.6066845
1.960789
2.962638
3.333668
0.9579013
-2.514075
1.038447
2.777119
1.31213
2.311486
0.1223114
1.499558
1.623696
-2.764322
6.388008
2.226988
-0.2527491
-1.985914
2.457809
-1.496451
-1.470211
0.7759932
3.625696
2.447177
1.971089
0.4389849
4.523019
0.4423077
0.7437585
3.455819
0.1596247
-0.6630704
-0.8837133
4.87374
0.9667253
-2.998184
