845.4299
633.2977
770.6881
660.4911
752.7785
786.4915
676.4839
697.0775
706.6709
735.1842
741.3147
776.344
590.0115
615.6635
792.0393
700.6563
728.4144
738.2654
791.4812
775.6347
856.7284
648.0098
852.379
770.7958
671.6328
697.023
763.2165
814.3033
734.9002
787.6142
836.8133
721.4046
674.7136
829.9764
875.5701
846.5541
873.6036
703.3995
655.8074
680.9374
794.9036
838.2708
922.9614
775.1383
802.4639
799.8166
925.9859
630.872
827.1813
768.8885
825.1824
775.797
730.9046
846.594
849.476
887.1642
874.9552
834.558
938.2479
808.3093
787.5875
938.5612
708.2598
826.1467
813.7019
714.5704
843.0372
857.5065
773.4033
834.1724
889.7664
891.1373
723.8081
807.9106
910.3578
843.2676
916.2597
718.1001
877.2405
794.1043
861.5395
760.6885
818.6846
1054.854
1052.386
878.8153
688.589
778.1485
801.475
797.8158
1004.687
800.6968
803.0011
796.0947
799.2748
953.2621
779.7899
853.1645
865.5827
801.4256
757.314
909.4634
774.8937
764.4851
876.5213
844.7372
990.9597
809.6873
908.8574
854.6449
860.5778
895.3954
973.7498
861.563
778.3228
839.6369
772.2782
778.9779
841.0794
894.2932
891.4023
792.2201
945.9802
851.2581
1041.658
1051.689
802.414
675.0921
833.0625
685.3478
792.3743
778.3878
790.4719
865.5187
943.1514
945.4847
894.0278
968.8177
923.1004
791.7204
861.7354
769.7021
777.723
683.2978
805.0253
796.7869
954.8306
883.8211
833.3951
878.6195
877.6899
811.333
707.2285
719.1991
818.0955
916.5101
851.7084
906.2435
765.503
972.2656
761.7166
881.8492
925.384
800.2572
850.0023
921.3314
799.3155
782.744
1046.453
838.3361
812.2482
799.419
949.1212
864.2868
824.816
711.2318
872.0256
789.728
919.7863
863.7998
833.9256
870.9793
798.0355
782.9747
752.381
844.797
786.4259
754.686
904.3094
710.1594
732.9794
785.6062
806.9382
867.8121
864.8467
853.3087
680.8347
741.2158
851.4572
788.3607
912.1621
855.9588
842.2826
818.4095
946.2614
860.757
789.9207
900.242
788.5334
752.6825
870.4459
800.1222
788.2514
947.3329
847.0634
741.703
744.3114
714.1534
804.1289
829.1314
892.6871
643.2906
793.3981
769.2217
803.4127
726.9619
725.9394
886.6692
871.7675
823.3698
817.1427
862.6268
921.778
1007.146
867.3022
1025.563
680.6269
789.0706
990.2515
995.1481
818.6726
825.5758
781.4228
800.7468
850.1562
799.6738
831.1199
883.2941
744.3801
833.7739
780.9975
810.7302
698.632
785.4324
798.0311
784.4204
986.0663
799.6338
844.0195
810.2308
952.5847
720.4661
911.6061
807.1886
937.2535
794.2141
778.1924
805.7232
880.8277
791.9268
768.764
743.5763
803.9958
838.5341
898.1519
920.8442
766.7602
853.9778
910.5691
887.7208
975.9983
900.1575
1003.634
945.7892
857.1419
692.2246
816.6639
745.8236
848.884
847.8325
990.1003
836.3692
770.7186
713.4511
966.7511
812.3616
769.465
641.0793
931.8242
777.7819
